soluitons sizes values are:
soluitons matrix for relaxed dubins size is:
46
Dubins markers matrix for relaxed dubins size is:
540
soluitons matrix for full dubins size is:
107
Dubins markers matrix for full dubins size is:
1272


soluitons matrix for relaxed dubins is:
1	1.2601	1.79955	1.90355	1.9733	2.31839	2.80777	3.32731	3.38715	3.4313	4.0122	4.21591	4.23766	4.63961	5.03326	5.62086	5.93395	6.23788	6.5324	6.75378	7.27959	7.57773	7.72689	7.83328	8.03632	8.1878	8.61249	8.65561	9.17416	9.94924	10.4307	11.2808	11.4926	12.265	12.6369	13.0682	13.8798	14.4839	14.7212	-999	-999	-999	-999	-999	-999	-999	
1	1.25017	1.71028	1.79433	1.8557	2.1988	2.77796	3.37522	3.43577	3.48123	4.22319	4.53377	4.56579	5.11426	5.66373	6.34971	6.64075	6.95777	7.33238	7.64019	8.4616	9.07973	9.47756	9.83858	10.5007	10.8259	11.6595	11.7516	12.3687	12.8689	13.0964	13.3347	13.3871	13.5922	13.6554	13.6601	13.7689	14.2266	14.9019	-999	-999	-999	-999	-999	-999	-999	
0.785398	0.746504	0.66585	0.693639	0.749499	0.815507	0.922947	0.786794	0.796056	0.803911	1.00919	0.971378	0.976819	0.899888	0.998401	0.726583	0.77126	0.841657	0.967418	0.927145	1.07564	1.16712	1.25707	1.31135	1.23513	1.03461	1.1646	1.10185	0.641981	0.504195	0.378931	0.167451	0.318532	0.200498	0.136223	-0.114686	0.381166	0.91571	1.54988	-999	-999	-999	-999	-999	-999	-999	
0	0.0360905	0.107012	0.120384	0.129675	0.178347	0.254207	0.333428	0.341942	0.348279	0.442676	0.47982	0.483691	0.551707	0.619326	0.709929	0.752679	0.796606	0.84429	0.882207	0.979826	1.04848	1.09098	1.12862	1.19789	1.23382	1.32745	1.33762	1.41894	1.51126	1.56454	1.653	1.67484	1.7548	1.79253	1.83577	1.9185	1.9952	2.06799	-999	-999	-999	-999	-999	-999	-999	
1	1.11646	1.53763	1.97416	2.09278	2.44799	2.56415	2.76415	2.90971	3.12381	3.45094	3.76969	3.87313	3.92335	3.92911	4.04069	4.38419	4.95931	5.62129	6.38508	6.63732	7.06875	7.07715	7.16368	7.57505	7.80247	7.9487	8.58782	8.98411	9.48182	9.50783	9.5346	9.90244	10.2508	10.5307	10.5781	10.8669	11.0902	11.1947	11.58	12.3189	12.5442	13.234	13.8636	14.6408	14.8984	
1	1.1136	1.58765	2.12428	2.26247	2.93839	3.24061	3.91051	4.43928	5.01866	5.88178	6.48731	6.62834	6.69905	6.70701	6.8658	7.4097	8.18925	8.69316	9.08531	9.22092	9.4474	9.45149	9.49229	9.65437	9.73438	9.79772	10.1572	10.4215	10.7994	10.8207	10.8428	11.1631	11.5472	11.943	12.0152	12.4333	12.7203	12.8295	13.2001	13.6951	13.7793	14.0582	14.2983	14.4837	14.5388	
0.785398	0.760533	0.928266	0.84753	0.875391	1.17681	1.23091	1.33042	1.27393	1.15972	1.25731	0.915186	0.960856	0.94543	0.94404	0.972516	1.04249	0.827864	0.473402	0.474339	0.512241	0.454563	0.452313	0.428823	0.321857	0.354718	0.462822	0.561794	0.614747	0.684032	0.68821	0.691688	0.741161	0.927163	0.983498	0.994956	0.937839	0.881228	0.734209	0.79738	0.383063	0.33255	0.436044	0.292619	0.175548	0.246284	
0	0.0162692	0.0797551	0.14895	0.167162	0.243902	0.276283	0.346225	0.401076	0.462876	0.555216	0.623981	0.641472	0.650145	0.651128	0.670536	0.734878	0.831938	0.91557	1.00143	1.03007	1.0788	1.07974	1.0893	1.13354	1.15765	1.17359	1.24695	1.29459	1.35709	1.36046	1.36393	1.41271	1.46463	1.51312	1.52175	1.57258	1.60894	1.62407	1.67755	1.76712	1.79117	1.86561	1.93305	2.013	2.03935	
1	1.11123	1.14446	1.23335	1.61203	1.9023	2.11048	2.38486	2.50349	2.81561	3.01582	3.44941	4.15515	4.44384	4.6014	4.7152	5.56797	5.70726	5.80532	6.07792	6.43384	7.25924	7.81757	8.44014	8.97375	9.53958	9.75055	10.1775	10.7212	10.8848	11.2797	11.8496	12.003	12.1271	12.5835	12.8698	12.9533	13.3931	13.7414	13.9928	14.4998	14.8912	14.9657	15.0612	15.101	-999	
1	1.11344	1.1483	1.24362	1.7063	2.13568	2.43467	2.76838	2.89677	3.20043	3.39443	3.73119	4.0971	4.22296	4.286	4.33148	4.62471	4.65882	4.68015	4.73663	4.82458	5.12435	5.33949	5.50284	5.67199	6.02952	6.22028	6.6856	7.25264	7.40408	7.83418	8.47148	8.62827	8.75591	9.27554	9.68451	9.82526	10.5926	11.2735	11.7863	12.6297	13.3574	13.6131	14.0799	14.6399	-999	
0.785398	0.805045	0.813758	0.826862	0.942949	1.00973	0.915392	0.849943	0.799868	0.743447	0.795825	0.524888	0.431752	0.390475	0.370729	0.389668	0.272721	0.20756	0.220832	0.187813	0.296659	0.400083	0.335518	0.17767	0.436265	0.690798	0.779449	0.877345	0.735514	0.758133	0.897723	0.784616	0.808509	0.790164	0.910032	1.00998	1.06077	1.05027	1.14584	1.08384	0.975418	1.17916	1.39516	1.34283	1.65691	-999	
0	0.0158875	0.0207029	0.033737	0.0935598	0.145398	0.181844	0.225054	0.242537	0.28609	0.31397	0.36904	0.448564	0.480059	0.49703	0.509285	0.599514	0.613857	0.623892	0.651733	0.688413	0.776268	0.836112	0.900543	0.956678	1.02379	1.05224	1.11542	1.19404	1.21633	1.27478	1.36032	1.38225	1.40005	1.46925	1.5192	1.53556	1.62401	1.70051	1.75764	1.85609	1.93886	1.96555	2.0132	2.06958	-999	


Dubins markers matrix for relaxed dubins is:
9.27924	24	0.360905	7.56141	-5.56141	6.27237	2.35619	-999	-999	-999	-999	-999	8.79327	22	0.709211	7.2314	-5.20468	5.68883	2.3173	-999	-999	-999	-999	-999	4.81207	11	0.133722	-1.173	5.49445	6.00915	5.37824	-999	-999	-999	-999	-999	1.66331	13	0.0929123	0.840129	3.07329	5.73358	5.40603	-999	-999	-999	-999	-999	7.37368	23	0.486722	-3.05019	7.25346	5.99244	5.46189	-999	-999	-999	-999	-999	7.06064	23	0.758597	-2.82227	7.03886	5.96268	5.5279	-999	-999	-999	-999	-999	5.81856	12	0.792215	7.44739	-0.733382	5.34769	2.49374	-999	-999	-999	-999	-999	9.19144	11	0.0851314	-3.18108	9.86547	4.75234	5.49918	-999	-999	-999	-999	-999	8.06752	11	0.0633726	-2.37792	9.07925	4.40696	5.50844	-999	-999	-999	-999	-999	4.59856	11	0.943971	0.119991	6.67215	4.77132	5.5163	-999	-999	-999	-999	-999	9.82458	12	0.371445	12.3277	-1.00888	5.48746	2.57998	-999	-999	-999	-999	-999	7.11447	23	0.0387086	-1.65825	8.54748	5.89628	5.68377	-999	-999	-999	-999	-999	8.84113	12	0.680154	11.5645	-0.382247	5.78692	2.54762	-999	-999	-999	-999	-999	6.86403	11	0.676194	-0.736686	9.38161	4.10633	5.61228	-999	-999	-999	-999	-999	3.33322	12	0.906028	7.83518	3.8583	6.17148	2.5692	-999	-999	-999	-999	-999	9.56879	23	0.427505	-0.73588	13.5019	6.25193	5.43897	-999	-999	-999	-999	-999	6.23987	11	0.439265	1.58451	11.1149	4.54217	5.48365	-999	-999	-999	-999	-999	8.72635	21	0.411766	-2.19536	10.5394	5.04704	5.61228	-999	-999	-999	-999	-999	9.41527	22	0.379175	14.2852	1.98989	5.855	2.53821	-999	-999	-999	-999	-999	4.26789	12	0.566398	10.1677	5.07894	6.21066	2.49794	-999	-999	-999	-999	-999	8.44418	22	0.0350029	13.0149	2.05853	5.74405	2.17701	-999	-999	-999	-999	-999	2.66594	12	0.567821	11.649	9.05079	5.42075	2.44105	-999	-999	-999	-999	-999	9.19096	22	0.119842	15.6268	3.87866	6.03164	2.19921	-999	-999	-999	-999	-999	9.87968	11	0.546809	5.94899	20.2641	5.34939	5.19385	-999	-999	-999	-999	-999	5.00844	13	0.255283	0.822501	8.36793	6.19387	5.65946	-999	-999	-999	-999	-999	8.86243	12	0.472027	22.268	12.6717	3.83971	2.83977	-999	-999	-999	-999	-999	1.67946	11	0.392112	12.3837	16.3368	2.01221	5.9281	-999	-999	-999	-999	-999	6.72461	21	0.429739	2.99636	12.7495	5.34772	5.22473	-999	-999	-999	-999	-999	7.40019	12	0.644978	16.3895	12.2432	4.17766	3.05248	-999	-999	-999	-999	-999	3.35366	11	0.847056	15.8952	9.81384	5.52199	4.2066	-999	-999	-999	-999	-999	5.77544	11	0.252734	-3.31136	13.9516	3.60301	6.15886	-999	-999	-999	-999	-999	8.48405	12	0.137067	14.7606	14.5866	3.79467	2.92212	-999	-999	-999	-999	-999	7.1718	11	0.506778	19.1918	11.8618	3.70941	3.9336	-999	-999	-999	-999	-999	9.11199	11	0.745058	-0.00684638	12.6448	3.26672	5.61026	-999	-999	-999	-999	-999	5.61195	23	0.662964	7.49988	8.88438	5.61181	4.41168	-999	-999	-999	-999	-999	3.86302	12	0.216946	6.52975	13.4891	3.64666	2.60229	-999	-999	-999	-999	-999	1.72953	12	0.361147	19.4971	14.5207	3.9814	1.55598	-999	-999	-999	-999	-999	1.09807	14	0.685389	13.3684	15.4886	6.18724	0.155483	-999	-999	-999	-999	-999	-999	-999	-999	-999	-999	-999	-999	-999	-999	-999	-999	-999	-999	-999	-999	-999	-999	-999	-999	-999	-999	-999	-999	-999	-999	-999	-999	-999	-999	-999	-999	-999	-999	-999	-999	-999	-999	-999	-999	-999	-999	-999	-999	-999	-999	-999	-999	-999	-999	-999	-999	-999	-999	-999	-999	-999	-999	-999	-999	-999	-999	-999	-999	-999	-999	-999	-999	-999	-999	-999	-999	-999	-999	-999	-999	-999	-999	-999	-999	-999	-999	-999	-999	-999	
6.54303	12	0.162692	5.62662	-3.62662	5.4328	2.35619	-999	-999	-999	-999	-999	3.78496	11	0.634859	-1.49254	3.85568	6.21856	5.47292	-999	-999	-999	-999	-999	8.57054	22	0.691949	8.39905	-3.54802	5.61772	2.49906	-999	-999	-999	-999	-999	6.53673	21	0.182122	-2.92609	6.45053	6.18257	5.55992	-999	-999	-999	-999	-999	1.52017	11	0.7674	0.925597	3.23644	0.301421	5.58778	2.89086	2.03531	5.90582	-999	5.8892	5.9852	11	0.323809	-3.07866	5.23593	5.19449	5.8892	-999	-999	-999	-999	-999	7.02892	11	0.699417	-4.06267	5.58388	4.34988	5.9433	-999	-999	-999	-999	-999	9.71036	12	0.548511	12.1953	1.59878	5.7135	2.90122	-999	-999	-999	-999	-999	5.41106	12	0.617999	8.08408	2.85642	1.74503	2.84473	-999	-999	-999	-999	-999	9.46256	11	0.923403	-5.55044	8.79985	4.18065	5.87211	-999	-999	-999	-999	-999	2.00996	14	0.687648	5.36294	5.26195	6.08278	2.8281	-999	-999	-999	-999	-999	3.83	11	0.174914	0.733739	8.82224	5.66979	5.62758	-999	-999	-999	-999	-999	5.62235	24	0.0867273	8.48167	3.40776	5.58099	2.53165	-999	-999	-999	-999	-999	7.07358	22	0.00983249	9.65825	2.55821	6.11571	2.51623	-999	-999	-999	-999	-999	6.81564	23	0.194077	-1.59111	10.7045	5.37866	5.65643	-999	-999	-999	-999	-999	5.91767	11	0.16126	-0.849113	10.1988	4.98148	5.6849	-999	-999	-999	-999	-999	9.12122	12	0.783007	12.1153	2.57738	5.62544	2.53683	-999	-999	-999	-999	-999	6.82458	11	0.465388	2.82618	18.0741	5.60252	5.5168	-999	-999	-999	-999	-999	5.95703	3	0.858583	2.90538	13.995	0.000936508	5.18579	8.01132	15.474	7.05553	-999	2.04513	9.84815	23	0.661389	-0.0718669	18.7063	6.16554	5.87584	-999	-999	-999	-999	-999	1.35106	12	0.101038	10.4856	14.9696	0.920174	2.80141	-999	-999	-999	-999	-999	5.93761	23	0.830585	3.75762	17.7699	5.37911	5.90509	-999	-999	-999	-999	-999	4.07263	12	0.0956669	8.85709	5.78841	3.6405	2.02311	-999	-999	-999	-999	-999	5.04141	11	0.867275	5.10926	17.9076	5.56692	5.47662	-999	-999	-999	-999	-999	3.0842	12	0.0365694	7.0479	5.85504	5.15751	2.61329	-999	-999	-999	-999	-999	1.47484	13	0.159437	7.29022	11.1174	5.69448	5.06711	-999	-999	-999	-999	-999	6.99344	12	0.270328	9.53464	2.22411	3.93852	2.73052	-999	-999	-999	-999	-999	4.90417	12	0.524386	5.85817	-0.879615	3.07482	2.44619	-999	-999	-999	-999	-999	5.87863	23	0.524316	4.32388	19.0653	5.67395	6.10162	-999	-999	-999	-999	-999	7.33223	21	0.982052	5.25566	16.6101	5.48106	5.03425	-999	-999	-999	-999	-999	9.4991	12	0.361164	19.4488	16.2887	4.9289	2.96003	-999	-999	-999	-999	-999	4.40936	12	0.105529	7.83948	4.61702	6.08912	2.57056	-999	-999	-999	-999	-999	7.97292	12	0.944075	12.0554	2.89367	2.72122	1.99094	-999	-999	-999	-999	-999	6.52788	11	0.798055	3.04883	17.5682	2.92712	6.02842	-999	-999	-999	-999	-999	7.53167	23	0.0863024	4.26102	16.1164	6.11655	5.69589	-999	-999	-999	-999	-999	6.72379	11	0.718904	1.16517	15.5531	5.35988	6.04801	-999	-999	-999	-999	-999	2.07994	12	0.685882	3.98603	1.23992	1.67783	2.35294	-999	-999	-999	-999	-999	8.21461	21	0.57146	1.82477	19.0381	5.83885	5.5168	-999	-999	-999	-999	-999	2.57949	12	0.0562629	10.2023	20.1914	4.66784	3.3499	-999	-999	-999	-999	-999	1.67692	12	0.729292	11.8568	18.7393	5.01888	3.12818	-999	-999	-999	-999	-999	7.08375	24	0.342458	9.38729	-2.02787	6.18299	1.9298	-999	-999	-999	-999	-999	6.19021	12	0.30165	6.82811	-2.28762	5.76146	1.81374	-999	-999	-999	-999	-999	7.42025	21	0.0226105	11.5109	12.6077	5.54965	4.41359	-999	-999	-999	-999	-999	1.95798	11	0.0913374	2.45898	12.7462	3.93487	6.1555	-999	-999	-999	-999	-999	2.79475	12	0.65846	7.31579	7.04333	5.31765	2.76954	-999	-999	-999	-999	-999	
8.08688	21	0.158875	-4.71829	6.71829	5.56955	5.49779	-999	-999	-999	-999	-999	5.52608	11	0.0481532	-2.87231	4.94345	5.94596	5.51743	-999	-999	-999	-999	-999	9.94699	21	0.130341	-6.08575	7.97961	5.36003	5.52615	-999	-999	-999	-999	-999	5.15328	23	0.598228	-2.55849	4.73336	5.94311	5.53925	-999	-999	-999	-999	-999	7.76237	21	0.518381	-4.67001	6.26595	5.95247	5.65534	-999	-999	-999	-999	-999	3.86337	12	0.36446	5.17337	0.0800185	5.60189	2.58053	-999	-999	-999	-999	-999	6.60208	12	0.432104	7.34462	-1.58917	4.61906	2.48619	-999	-999	-999	-999	-999	3.49124	12	0.174823	5.00763	0.464069	5.2023	2.42074	-999	-999	-999	-999	-999	7.71924	24	0.435528	8.04022	-2.48201	6.01061	2.37066	-999	-999	-999	-999	-999	5.32295	11	0.278808	-0.787115	7.11887	0.218505	5.45584	-999	-999	-999	-999	-999	2.03255	12	0.550693	4.46796	1.97226	5.49395	2.36662	-999	-999	-999	-999	-999	8.53849	22	0.795244	7.72819	-3.65785	5.60854	2.09568	-999	-999	-999	-999	-999	7.63023	12	0.314954	7.34812	-2.83293	5.42919	2.00255	-999	-999	-999	-999	-999	6.97805	23	0.321541	-1.90733	8.33726	5.68903	5.45584	-999	-999	-999	-999	-999	6.47112	11	0.122553	2.25694	10.3175	2.70612	5.08312	-999	-999	-999	-999	-999	7.71536	22	0.902286	7.64612	-2.80551	5.30133	1.96046	-999	-999	-999	-999	-999	2.20125	14	0.143435	6.16088	2.50481	5.65206	1.84352	-999	-999	-999	-999	-999	7.56103	21	0.10035	4.14913	12.0576	6.20865	4.91995	-999	-999	-999	-999	-999	8.43173	24	0.278407	7.65222	-3.54683	5.90607	1.79163	-999	-999	-999	-999	-999	3.36997	11	0.366805	5.44871	8.04734	2.78626	4.9002	-999	-999	-999	-999	-999	8.49452	11	0.878543	3.95067	12.948	4.83541	5.00905	-999	-999	-999	-999	-999	9.2689	24	0.598444	10.8694	-3.41257	6.03012	1.97088	-999	-999	-999	-999	-999	4.73963	12	0.859774	5.82452	-0.37039	2.81069	2.09568	-999	-999	-999	-999	-999	7.81075	11	0.338705	7.0597	13.1906	5.23377	4.89006	-999	-999	-999	-999	-999	4.52927	12	0.856559	11.1449	1.27121	4.54939	1.70003	-999	-999	-999	-999	-999	7.84737	11	0.612396	12.9793	13.5675	5.11796	4.62651	-999	-999	-999	-999	-999	9.67998	12	0.172394	18.1252	-2.88255	4.5778	1.94056	-999	-999	-999	-999	-999	6.91792	24	0.427268	10.0954	-1.19268	5.85088	1.90631	-999	-999	-999	-999	-999	8.00526	22	0.884929	10.4534	-2.21939	5.28343	1.90631	-999	-999	-999	-999	-999	5.5771	11	0.512816	4.55797	10.1162	5.61685	4.91995	-999	-999	-999	-999	-999	7.5628	22	0.855405	17.1932	3.11959	5.9587	2.46852	-999	-999	-999	-999	-999	9.55408	11	0.291081	11.4945	15.1725	5.83463	5.06435	-999	-999	-999	-999	-999	2.20982	14	0.484219	6.10015	3.79677	5.70013	2.61277	-999	-999	-999	-999	-999	3.94199	11	0.870934	15.118	10.0435	4.57426	5.24784	-999	-999	-999	-999	-999	9.72125	12	0.94453	10.1332	-3.03689	4.92845	2.58053	-999	-999	-999	-999	-999	3.5374	11	0.154316	1.88693	7.70564	0.884792	5.53524	-999	-999	-999	-999	-999	7.83455	21	0.727654	18.6439	14.1241	5.14543	4.55265	-999	-999	-999	-999	-999	8.00511	11	0.765024	6.44825	14.5739	5.31031	5.76266	-999	-999	-999	-999	-999	7.17416	22	0.37524	22.7471	1.95856	5.46751	2.32719	-999	-999	-999	-999	-999	5.01979	11	0.401909	6.19544	9.81545	4.14281	4.80207	-999	-999	-999	-999	-999	3.97586	11	0.861135	11.8556	15.5887	5.47615	5.60303	-999	-999	-999	-999	-999	9.51599	11	0.725155	7.70085	19.4021	5.7542	5.58889	-999	-999	-999	-999	-999	8.46235	12	0.782416	11.9247	4.71332	3.28857	1.34231	-999	-999	-999	-999	-999	7.2244	11	0.553099	12.2085	4.76003	5.05654	3.60716	-999	-999	-999	-999	-999	-999	-999	-999	-999	-999	-999	-999	-999	-999	-999	-999	-999	


soluitons matrix for full dubins is:
1	1.2601	1.79955	1.90355	1.9733	2.31839	2.80777	3.32731	3.38715	3.4313	4.0122	4.21591	4.23766	4.63961	5.03326	5.62086	5.93395	6.23788	6.5324	6.75378	7.12271	7.6704	8.20372	8.23252	8.69876	9.03903	9.17445	9.61092	10.0203	10.2238	10.3212	10.524	11.1763	11.8203	12.0889	12.2968	12.5474	12.5672	12.9882	13.3608	13.6106	13.8062	13.8957	13.9216	13.6348	13.5791	13.3308	13.0096	12.565	12.2672	12.2347	11.3815	10.6031	9.80841	9.3632	9.06435	8.92153	8.72346	7.90483	7.28361	7.21567	6.41266	5.87939	5.24176	5.05541	4.77163	4.61419	4.41543	4.2588	4.12514	4.20518	4.27988	4.41435	4.49286	4.58376	4.60913	4.77947	5.24252	5.58581	5.87172	6.33585	6.74243	7.60516	7.93784	8.58243	9.09677	9.37505	10.1004	10.4023	10.9871	11.426	12.1027	12.7535	13.0778	13.226	13.3494	13.628	14.0054	14.1534	14.2709	14.6251	14.8554	15.1329	15.5533	15.6725	15.7143	15.4079	
1	1.25017	1.71028	1.79433	1.8557	2.1988	2.77796	3.37522	3.43577	3.48123	4.22319	4.53377	4.56579	5.11426	5.66373	6.34971	6.64075	6.95777	7.33238	7.64019	8.0694	8.58401	8.99805	9.01794	9.52449	10.028	10.2079	10.7693	11.1613	11.3138	11.3836	11.5075	11.884	12.372	12.6432	12.8715	13.1268	13.1464	13.6384	14.2193	14.7501	15.3061	15.6161	16.2901	17.1893	17.314	17.8179	18.2217	18.5028	18.6193	18.6314	18.8674	18.907	18.8882	18.8693	18.8393	18.8224	18.7762	18.4731	18.2417	18.2197	17.9006	17.6249	17.053	16.7856	16.3311	15.9973	15.5122	15.1229	14.3285	13.6201	13.3062	12.6286	11.7651	10.8589	10.7095	10.1323	9.41593	9.08195	8.81479	8.43687	8.21538	7.78453	7.58243	7.26717	7.19643	7.20913	7.34076	7.43843	7.73019	8.01094	8.3481	8.82512	9.29824	9.67547	10.1864	10.7042	11.1174	11.2843	11.4139	11.8509	12.1397	12.5446	13.4359	13.7525	14.3066	14.9838	
0.785398	0.746504	0.66585	0.693639	0.749499	0.815507	0.922947	0.786794	0.796056	0.803911	1.00919	0.971378	0.976819	0.899888	0.998401	0.726583	0.77126	0.841657	0.967418	0.927145	0.794434	0.714098	0.606212	0.602067	1.05158	0.901406	0.949703	0.870252	0.657261	0.62841	0.615371	0.481458	0.565482	0.731534	0.848433	0.816187	0.773096	0.790221	0.93566	1.06545	1.19626	1.26897	1.3102	1.75455	2.00451	1.97777	2.07949	2.40623	2.74927	2.78792	2.78407	2.95942	-3.06126	3.10872	-3.02403	-3.0592	-2.98788	-2.83706	-2.73694	-2.83319	-2.8227	-2.70392	-2.62501	-2.19604	-2.16293	-2.09486	-1.9281	-1.99122	-1.9155	-1.55946	-1.35713	-1.31711	-1.4327	-1.52757	-1.41407	-1.39098	-1.17667	-0.817318	-0.725947	-0.777084	-0.589662	-0.407962	-0.518383	-0.573438	-0.336322	0.0629792	0.0282266	0.330789	0.29502	0.630509	0.507603	0.416884	0.848204	1.0915	1.30168	1.366	0.788225	0.873014	0.818053	0.850772	0.928474	0.866708	1.0733	1.18685	1.23467	1.75627	2.23513	
0	0.0360905	0.107012	0.120384	0.129675	0.178347	0.254207	0.333428	0.341942	0.348279	0.442676	0.47982	0.483691	0.551707	0.619326	0.709929	0.752679	0.796606	0.84429	0.882207	0.938847	1.01402	1.08157	1.08507	1.1545	1.21533	1.23785	1.30898	1.36576	1.3912	1.40318	1.42696	1.5023	1.58319	1.62138	1.65226	1.68804	1.69083	1.75564	1.8247	1.88341	1.94236	1.97462	2.04263	2.13726	2.15092	2.20712	2.25894	2.31181	2.34378	2.34725	2.43589	2.51405	2.59359	2.63819	2.66823	2.68261	2.70297	2.7903	2.85662	2.86376	2.95022	3.01027	3.09658	3.12917	3.18277	3.21972	3.27215	3.31412	3.3951	3.46652	3.49878	3.56791	3.65465	3.74577	3.76092	3.82121	3.90698	3.95489	3.99402	4.05396	4.10033	4.19681	4.23574	4.30766	4.35993	4.38779	4.46179	4.49352	4.55919	4.61132	4.68695	4.76827	4.82577	4.86637	4.91894	4.97856	5.03455	5.05685	5.07435	5.13062	5.16756	5.21673	5.31533	5.34916	5.40537	5.48041	
1	1.11646	1.53763	1.97416	2.09278	2.44799	2.56415	2.76415	2.90971	3.12381	3.45094	3.76969	3.87313	3.92335	3.92911	4.04069	4.38419	4.95931	5.62129	6.38508	6.63732	7.06875	7.07715	7.16368	7.57505	7.80247	7.9487	8.58782	8.98411	9.48182	9.50783	9.5346	9.90244	10.2508	10.5307	10.5781	10.8669	11.3899	11.5758	11.7365	11.8503	12.157	12.6965	12.8204	12.8298	12.9123	13.7191	14.5093	15.2851	15.6829	16.4111	16.9002	17.3037	17.314	17.3489	17.4313	17.3634	16.9853	16.4599	15.8249	15.7832	15.2307	-999	-999	-999	-999	-999	-999	-999	-999	-999	-999	-999	-999	-999	-999	-999	-999	-999	-999	-999	-999	-999	-999	-999	-999	-999	-999	-999	-999	-999	-999	-999	-999	-999	-999	-999	-999	-999	-999	-999	-999	-999	-999	-999	-999	-999	
1	1.1136	1.58765	2.12428	2.26247	2.93839	3.24061	3.91051	4.43928	5.01866	5.88178	6.48731	6.62834	6.69905	6.70701	6.8658	7.4097	8.18925	8.69316	9.08531	9.22092	9.4474	9.45149	9.49229	9.65437	9.73438	9.79772	10.1572	10.4215	10.7994	10.8207	10.8428	11.1631	11.5472	11.943	12.0152	12.4333	13.2571	13.8169	14.6523	15.0233	15.725	16.3785	16.4722	16.4792	16.5389	17.0332	17.5118	17.8648	17.9258	17.8346	17.5951	17.0936	17.0684	16.9678	16.1619	15.8702	15.3015	14.9057	14.7017	14.6979	14.8013	-999	-999	-999	-999	-999	-999	-999	-999	-999	-999	-999	-999	-999	-999	-999	-999	-999	-999	-999	-999	-999	-999	-999	-999	-999	-999	-999	-999	-999	-999	-999	-999	-999	-999	-999	-999	-999	-999	-999	-999	-999	-999	-999	-999	-999	
0.785398	0.760533	0.928266	0.84753	0.875391	1.17681	1.23091	1.33042	1.27393	1.15972	1.25731	0.915186	0.960856	0.94543	0.94404	0.972516	1.04249	0.827864	0.473402	0.474339	0.512241	0.454563	0.452313	0.428823	0.321857	0.354718	0.462822	0.561794	0.614747	0.684032	0.68821	0.691688	0.741161	0.927163	0.983498	0.994956	0.937839	1.07234	1.42819	1.33329	1.21312	1.10419	0.65712	0.638889	0.640108	0.612707	0.486588	0.602544	0.251616	0.0522981	-0.301481	-0.609276	-1.1772	-1.18612	-1.28777	-1.6501	-1.94883	-2.36624	-2.62575	-3.03589	-3.06414	2.69413	-999	-999	-999	-999	-999	-999	-999	-999	-999	-999	-999	-999	-999	-999	-999	-999	-999	-999	-999	-999	-999	-999	-999	-999	-999	-999	-999	-999	-999	-999	-999	-999	-999	-999	-999	-999	-999	-999	-999	-999	-999	-999	-999	-999	-999	
0	0.0162692	0.0797551	0.14895	0.167162	0.243902	0.276283	0.346225	0.401076	0.462876	0.555216	0.623981	0.641472	0.650145	0.651128	0.670536	0.734878	0.831938	0.91557	1.00143	1.03007	1.0788	1.07974	1.0893	1.13354	1.15765	1.17359	1.24695	1.29459	1.35709	1.36046	1.36393	1.41271	1.46463	1.51312	1.52175	1.57258	1.67023	1.72953	1.81463	1.85346	1.93008	2.01553	2.03106	2.03223	2.04242	2.1371	2.22954	2.31521	2.35552	2.4293	2.48396	2.5492	2.55192	2.56258	2.64403	2.6741	2.74289	2.80885	2.87601	2.8802	2.93706	-999	-999	-999	-999	-999	-999	-999	-999	-999	-999	-999	-999	-999	-999	-999	-999	-999	-999	-999	-999	-999	-999	-999	-999	-999	-999	-999	-999	-999	-999	-999	-999	-999	-999	-999	-999	-999	-999	-999	-999	-999	-999	-999	-999	-999	
1	1.11123	1.14446	1.23335	1.61203	1.9023	2.11048	2.38486	2.50349	2.81561	3.01582	3.44941	4.15515	4.44384	4.6014	4.7152	5.56797	5.70726	5.80532	6.07792	6.43384	7.25924	7.81757	8.44014	8.97375	9.53958	9.75055	10.1775	10.7212	10.8848	11.2797	11.8496	12.003	12.1271	12.5835	12.8698	12.9533	13.3931	13.7414	13.9928	14.4998	14.8912	14.9657	15.0612	15.101	15.0758	14.7652	-999	-999	-999	-999	-999	-999	-999	-999	-999	-999	-999	-999	-999	-999	-999	-999	-999	-999	-999	-999	-999	-999	-999	-999	-999	-999	-999	-999	-999	-999	-999	-999	-999	-999	-999	-999	-999	-999	-999	-999	-999	-999	-999	-999	-999	-999	-999	-999	-999	-999	-999	-999	-999	-999	-999	-999	-999	-999	-999	-999	
1	1.11344	1.1483	1.24362	1.7063	2.13568	2.43467	2.76838	2.89677	3.20043	3.39443	3.73119	4.0971	4.22296	4.286	4.33148	4.62471	4.65882	4.68015	4.73663	4.82458	5.12435	5.33949	5.50284	5.67199	6.02952	6.22028	6.6856	7.25264	7.40408	7.83418	8.47148	8.62827	8.75591	9.27554	9.68451	9.82526	10.5926	11.2735	11.7863	12.6297	13.3574	13.6131	14.0799	14.6399	14.817	15.3918	-999	-999	-999	-999	-999	-999	-999	-999	-999	-999	-999	-999	-999	-999	-999	-999	-999	-999	-999	-999	-999	-999	-999	-999	-999	-999	-999	-999	-999	-999	-999	-999	-999	-999	-999	-999	-999	-999	-999	-999	-999	-999	-999	-999	-999	-999	-999	-999	-999	-999	-999	-999	-999	-999	-999	-999	-999	-999	-999	-999	
0.785398	0.805045	0.813758	0.826862	0.942949	1.00973	0.915392	0.849943	0.799868	0.743447	0.795825	0.524888	0.431752	0.390475	0.370729	0.389668	0.272721	0.20756	0.220832	0.187813	0.296659	0.400083	0.335518	0.17767	0.436265	0.690798	0.779449	0.877345	0.735514	0.758133	0.897723	0.784616	0.808509	0.790164	0.910032	1.00998	1.06077	1.05027	1.14584	1.08384	0.975418	1.17916	1.39516	1.34283	1.65691	1.76779	2.36452	-999	-999	-999	-999	-999	-999	-999	-999	-999	-999	-999	-999	-999	-999	-999	-999	-999	-999	-999	-999	-999	-999	-999	-999	-999	-999	-999	-999	-999	-999	-999	-999	-999	-999	-999	-999	-999	-999	-999	-999	-999	-999	-999	-999	-999	-999	-999	-999	-999	-999	-999	-999	-999	-999	-999	-999	-999	-999	-999	-999	
0	0.0158875	0.0207029	0.033737	0.0935598	0.145398	0.181844	0.225054	0.242537	0.28609	0.31397	0.36904	0.448564	0.480059	0.49703	0.509285	0.599514	0.613857	0.623892	0.651733	0.688413	0.776268	0.836112	0.900543	0.956678	1.02379	1.05224	1.11542	1.19404	1.21633	1.27478	1.36032	1.38225	1.40005	1.46925	1.5192	1.53556	1.62401	1.70051	1.75764	1.85609	1.93886	1.96555	2.0132	2.06958	2.08748	2.15379	-999	-999	-999	-999	-999	-999	-999	-999	-999	-999	-999	-999	-999	-999	-999	-999	-999	-999	-999	-999	-999	-999	-999	-999	-999	-999	-999	-999	-999	-999	-999	-999	-999	-999	-999	-999	-999	-999	-999	-999	-999	-999	-999	-999	-999	-999	-999	-999	-999	-999	-999	-999	-999	-999	-999	-999	-999	-999	-999	-999	


Dubins markers matrix for full dubins is:
9.27924	24	0.360905	7.56141	-5.56141	6.27237	2.35619	-999	-999	-999	-999	-999	8.79327	22	0.709211	7.2314	-5.20468	5.68883	2.3173	-999	-999	-999	-999	-999	4.81207	11	0.133722	-1.173	5.49445	6.00915	5.37824	-999	-999	-999	-999	-999	1.66331	13	0.0929123	0.840129	3.07329	5.73358	5.40603	-999	-999	-999	-999	-999	7.37368	23	0.486722	-3.05019	7.25346	5.99244	5.46189	-999	-999	-999	-999	-999	7.06064	23	0.758597	-2.82227	7.03886	5.96268	5.5279	-999	-999	-999	-999	-999	5.81856	12	0.792215	7.44739	-0.733382	5.34769	2.49374	-999	-999	-999	-999	-999	9.19144	11	0.0851314	-3.18108	9.86547	4.75234	5.49918	-999	-999	-999	-999	-999	8.06752	11	0.0633726	-2.37792	9.07925	4.40696	5.50844	-999	-999	-999	-999	-999	4.59856	11	0.943971	0.119991	6.67215	4.77132	5.5163	-999	-999	-999	-999	-999	9.82458	12	0.371445	12.3277	-1.00888	5.48746	2.57998	-999	-999	-999	-999	-999	7.11447	23	0.0387086	-1.65825	8.54748	5.89628	5.68377	-999	-999	-999	-999	-999	8.84113	12	0.680154	11.5645	-0.382247	5.78692	2.54762	-999	-999	-999	-999	-999	6.86403	11	0.676194	-0.736686	9.38161	4.10633	5.61228	-999	-999	-999	-999	-999	3.33322	12	0.906028	7.83518	3.8583	6.17148	2.5692	-999	-999	-999	-999	-999	9.56879	23	0.427505	-0.73588	13.5019	6.25193	5.43897	-999	-999	-999	-999	-999	6.23987	11	0.439265	1.58451	11.1149	4.54217	5.48365	-999	-999	-999	-999	-999	8.72635	21	0.411766	-2.19536	10.5394	5.04704	5.61228	-999	-999	-999	-999	-999	9.41527	22	0.379175	14.2852	1.98989	5.855	2.53821	-999	-999	-999	-999	-999	4.26789	12	0.566398	10.1677	5.07894	6.21066	2.49794	-999	-999	-999	-999	-999	2.71828	11	0.74142	1.71145	5.67081	3.90551	5.72158	-999	-999	-999	-999	-999	1.7712	12	0.0606448	3.60796	0.984645	3.92835	2.3863	-999	-999	-999	-999	-999	6.57368	11	0.976184	1.49543	11.5852	2.42075	5.63953	-999	-999	-999	-999	-999	1.54452	13	0.694287	7.35779	10.2909	6.05499	5.31446	-999	-999	-999	-999	-999	4.05037	12	0.60827	12.2153	7.51471	1.8094	2.62238	-999	-999	-999	-999	-999	4.66306	11	0.225209	5.38226	12.9215	6.09521	5.6138	-999	-999	-999	-999	-999	8.95288	12	0.711319	16.4553	4.99801	4.79468	2.5205	-999	-999	-999	-999	-999	6.24964	12	0.00317543	14.1248	6.42344	5.76463	2.62238	-999	-999	-999	-999	-999	8.8169	24	0.254374	15.4069	4.18127	5.27241	2.22806	-999	-999	-999	-999	-999	6.22307	12	0.566631	11.7569	3.88909	4.67611	2.17286	-999	-999	-999	-999	-999	1.77547	12	0.237759	11.3462	9.93385	0.834322	2.18617	-999	-999	-999	-999	-999	6.44462	23	0.824208	5.56167	14.9385	5.48205	5.2234	-999	-999	-999	-999	-999	9.70559	12	0.512459	14.5242	1.82516	5.88035	2.53821	-999	-999	-999	-999	-999	3.29018	11	0.458819	-0.0770975	4.45422	3.88981	5.5279	-999	-999	-999	-999	-999	5.67333	11	0.52223	3.95473	12.8713	5.02206	5.42649	-999	-999	-999	-999	-999	8.30331	12	0.357797	18.346	7.18365	3.48297	2.38698	-999	-999	-999	-999	-999	1.63175	13	0.0279437	11.4078	14.2947	0.253643	5.48549	-999	-999	-999	-999	-999	9.08862	22	0.692687	16.6177	7.5069	4.84	2.88214	-999	-999	-999	-999	-999	5.32083	11	0.690591	8.705	16.7952	5.28252	5.64805	-999	-999	-999	-999	-999	8.4375	13	0.630238	6.5723	19.0838	6.20378	5.50261	-999	-999	-999	-999	-999	8.10821	21	0.589514	6.06449	17.7164	5.24455	5.90865	-999	-999	-999	-999	-999	9.76783	12	0.0326309	12.6567	2.04421	4.40057	1.73961	-999	-999	-999	-999	-999	8.35638	12	0.542701	6.93472	-4.88397	3.59018	2.3173	-999	-999	-999	-999	-999	7.2282	11	0.4221	23.1226	9.74609	4.0226	4.06108	-999	-999	-999	-999	-999	4.28227	12	0.344517	9.07032	0.336932	4.35546	1.43624	-999	-999	-999	-999	-999	4.3828	11	0.0366721	7.55905	21.4542	3.58901	5.80659	-999	-999	-999	-999	-999	8.77683	12	0.570155	6.59696	-3.66432	5.34749	1.44743	-999	-999	-999	-999	-999	7.88978	12	0.130146	9.27574	-1.67246	5.60174	2.55711	-999	-999	-999	-999	-999	7.6054	11	0.042636	-0.505663	16.1955	5.5708	0.47777	-999	-999	-999	-999	-999	9.63293	22	0.127962	8.6494	-5.27167	5.77047	1.76511	-999	-999	-999	-999	-999	9.88771	11	0.525731	11.6934	21.222	3.64549	5.13237	-999	-999	-999	-999	-999	2.40171	11	0.871965	15.5893	18.8164	5.49155	4.05456	-999	-999	-999	-999	-999	9.07688	11	0.503642	-5.46909	11.7698	5.60609	5.95413	-999	-999	-999	-999	-999	7.11766	21	0.508539	0.823798	10.1202	6.27169	0.382402	-999	-999	-999	-999	-999	8.52636	22	0.563821	-1.41012	24.0194	5.69109	5.06546	-999	-999	-999	-999	-999	7.404	12	0.355704	11.6819	0.0251329	5.93799	2.03674	-999	-999	-999	-999	-999	5.90293	12	0.611608	7.21077	5.30498	3.66454	2.15032	-999	-999	-999	-999	-999	5.68918	12	0.502062	11.4546	4.4083	3.29081	2.40824	-999	-999	-999	-999	-999	6.36476	12	0.33325	7.58727	-3.30742	5.89776	1.52844	-999	-999	-999	-999	-999	6.51711	11	0.474814	12.1048	16.1161	2.01537	4.23102	-999	-999	-999	-999	-999	2.712	11	0.577568	13.8575	20.2001	3.90196	4.30065	-999	-999	-999	-999	-999	7.6089	11	0.600463	9.63753	11.0089	3.22566	2.00847	-999	-999	-999	-999	-999	7.74721	11	0.809174	6.24811	18.9385	2.10416	4.80361	-999	-999	-999	-999	-999	1.63667	1	0.0323519	18.2688	16.3037	0.24662	3.88654	-999	-999	-999	-999	-999	7.87439	21	0.535973	11.5892	12.3907	5.98178	2.54946	-999	-999	-999	-999	-999	1.81847	12	0.18054	3.47114	9.42906	5.79322	3.70091	-999	-999	-999	-999	-999	4.10755	11	0.0323078	1.78139	2.44844	5.3373	1.966	-999	-999	-999	-999	-999	6.80951	11	0.18002	12.6376	15.8229	4.08654	4.5399	-999	-999	-999	-999	-999	2.18157	11	0.316972	5.49053	5.47859	4.37735	3.27551	-999	-999	-999	-999	-999	4.49307	11	0.279705	8.15988	14.3296	3.61711	6.17565	-999	-999	-999	-999	-999	9.0721	11	0.209466	11.5583	13.6306	3.84686	3.54725	-999	-999	-999	-999	-999	3.27358	11	0.0841344	13.1667	5.39803	6.13271	3.72958	-999	-999	-999	-999	-999	9.24652	12	0.843393	7.27301	13.3319	3.17229	5.81027	-999	-999	-999	-999	-999	4.29468	11	0.371122	8.78353	11.9507	2.98712	3.18482	-999	-999	-999	-999	-999	4.48911	11	0.689769	8.17144	6.34311	6.17496	3.90145	-999	-999	-999	-999	-999	8.74611	22	0.522838	5.71295	2.99632	5.57734	6.23509	-999	-999	-999	-999	-999	9.64824	11	0.970473	26.2348	8.58683	4.45942	3.32654	-999	-999	-999	-999	-999	8.76024	23	0.538258	20.6339	1.26559	5.97945	2.46407	-999	-999	-999	-999	-999	1.22847	12	0.260715	18.9011	13.8969	5.12304	2.4807	-999	-999	-999	-999	-999	9.84156	11	0.290635	4.24974	19.8129	3.13342	6.26195	-999	-999	-999	-999	-999	3.09755	11	0.698668	9.14873	9.36839	4.67299	3.67847	-999	-999	-999	-999	-999	5.90181	23	0.214413	12.9323	24.4347	5.92752	4.99957	-999	-999	-999	-999	-999	2.08887	12	0.860374	1.7494	19.0278	4.0582	4.49139	-999	-999	-999	-999	-999	4.63307	12	0.65217	16.4394	10.6134	3.51458	2.30611	-999	-999	-999	-999	-999	4.22243	12	0.775263	0.400062	2.25244	4.91735	0.63869	-999	-999	-999	-999	-999	7.0012	11	0.29973	11.8928	13.3838	4.98522	4.14473	-999	-999	-999	-999	-999	2.44592	11	0.740042	9.30602	9.65408	1.58981	4.74062	-999	-999	-999	-999	-999	8.87101	12	0.317301	12.9816	-1.04933	4.27091	1.90158	-999	-999	-999	-999	-999	8.21759	23	0.636871	26.7729	15.0967	5.95118	3.62693	-999	-999	-999	-999	-999	9.4636	12	0.0790382	-1.99684	10.1177	4.06913	0.355156	-999	-999	-999	-999	-999	1.04182	11	0.173926	6.67008	11.901	4.22188	0.533057	-999	-999	-999	-999	-999	2.50251	11	0.0306469	20.2736	1.43949	5.40467	3.72798	-999	-999	-999	-999	-999	2.86767	11	0.16725	6.60892	5.67762	3.29008	3.78023	-999	-999	-999	-999	-999	8.88953	12	0.400664	16.2641	0.371822	4.43654	1.70141	-999	-999	-999	-999	-999	2.21482	11	0.611046	16.264	11.475	5.00792	4.71	-999	-999	-999	-999	-999	3.92924	12	0.768459	13.9182	4.84797	4.04668	1.93632	-999	-999	-999	-999	-999	8.07295	22	0.233033	19.2961	1.54867	6.25911	1.66409	-999	-999	-999	-999	-999	1.43849	11	0.179701	4.99687	5.34422	3.89121	5.93909	-999	-999	-999	-999	-999	3.92751	11	0.493206	6.72521	8.02832	5.52503	2.90724	-999	-999	-999	-999	-999	9.51883	22	0.377206	21.9612	5.94104	5.45704	2.7743	-999	-999	-999	-999	-999	5.74297	11	0.932575	11.1542	18.1874	3.7029	4.23087	-999	-999	-999	-999	-999	9.61119	24	0.325092	-4.61067	7.27101	5.77725	0.0886986	-999	-999	-999	-999	-999	9.77061	11	0.956502	9.25771	12.5858	5.56903	5.4788	-999	-999	-999	-999	-999	1.40601	11	0.73589	17.1777	12.951	4.14895	5.75863	-999	-999	-999	-999	-999	2.4243	12	0.576355	3.26026	4.58831	4.65355	0.332241	-999	-999	-999	-999	-999	3.0207	11	0.742095	6.37037	10.7176	2.83391	4.34578	-999	-999	-999	-999	-999	
6.54303	12	0.162692	5.62662	-3.62662	5.4328	2.35619	-999	-999	-999	-999	-999	3.78496	11	0.634859	-1.49254	3.85568	6.21856	5.47292	-999	-999	-999	-999	-999	8.57054	22	0.691949	8.39905	-3.54802	5.61772	2.49906	-999	-999	-999	-999	-999	6.53673	21	0.182122	-2.92609	6.45053	6.18257	5.55992	-999	-999	-999	-999	-999	1.52017	11	0.7674	0.925597	3.23644	0.301421	5.58778	2.89086	2.03531	5.90582	-999	5.8892	5.9852	11	0.323809	-3.07866	5.23593	5.19449	5.8892	-999	-999	-999	-999	-999	7.02892	11	0.699417	-4.06267	5.58388	4.34988	5.9433	-999	-999	-999	-999	-999	9.71036	12	0.548511	12.1953	1.59878	5.7135	2.90122	-999	-999	-999	-999	-999	5.41106	12	0.617999	8.08408	2.85642	1.74503	2.84473	-999	-999	-999	-999	-999	9.46256	11	0.923403	-5.55044	8.79985	4.18065	5.87211	-999	-999	-999	-999	-999	2.00996	14	0.687648	5.36294	5.26195	6.08278	2.8281	-999	-999	-999	-999	-999	3.83	11	0.174914	0.733739	8.82224	5.66979	5.62758	-999	-999	-999	-999	-999	5.62235	24	0.0867273	8.48167	3.40776	5.58099	2.53165	-999	-999	-999	-999	-999	7.07358	22	0.00983249	9.65825	2.55821	6.11571	2.51623	-999	-999	-999	-999	-999	6.81564	23	0.194077	-1.59111	10.7045	5.37866	5.65643	-999	-999	-999	-999	-999	5.91767	11	0.16126	-0.849113	10.1988	4.98148	5.6849	-999	-999	-999	-999	-999	9.12122	12	0.783007	12.1153	2.57738	5.62544	2.53683	-999	-999	-999	-999	-999	6.82458	11	0.465388	2.82618	18.0741	5.60252	5.5168	-999	-999	-999	-999	-999	5.95703	3	0.858583	2.90538	13.995	0.000936508	5.18579	8.01132	15.474	7.05553	-999	2.04513	9.84815	23	0.661389	-0.0718669	18.7063	6.16554	5.87584	-999	-999	-999	-999	-999	1.35106	12	0.101038	10.4856	14.9696	0.920174	2.80141	-999	-999	-999	-999	-999	5.93761	23	0.830585	3.75762	17.7699	5.37911	5.90509	-999	-999	-999	-999	-999	4.07263	12	0.0956669	8.85709	5.78841	3.6405	2.02311	-999	-999	-999	-999	-999	5.04141	11	0.867275	5.10926	17.9076	5.56692	5.47662	-999	-999	-999	-999	-999	3.0842	12	0.0365694	7.0479	5.85504	5.15751	2.61329	-999	-999	-999	-999	-999	1.47484	13	0.159437	7.29022	11.1174	5.69448	5.06711	-999	-999	-999	-999	-999	6.99344	12	0.270328	9.53464	2.22411	3.93852	2.73052	-999	-999	-999	-999	-999	4.90417	12	0.524386	5.85817	-0.879615	3.07482	2.44619	-999	-999	-999	-999	-999	5.87863	23	0.524316	4.32388	19.0653	5.67395	6.10162	-999	-999	-999	-999	-999	7.33223	21	0.982052	5.25566	16.6101	5.48106	5.03425	-999	-999	-999	-999	-999	9.4991	12	0.361164	19.4488	16.2887	4.9289	2.96003	-999	-999	-999	-999	-999	4.40936	12	0.105529	7.83948	4.61702	6.08912	2.57056	-999	-999	-999	-999	-999	7.97292	12	0.944075	12.0554	2.89367	2.72122	1.99094	-999	-999	-999	-999	-999	6.52788	11	0.798055	3.04883	17.5682	2.92712	6.02842	-999	-999	-999	-999	-999	7.53167	23	0.0863024	4.26102	16.1164	6.11655	5.69589	-999	-999	-999	-999	-999	6.72379	11	0.718904	1.16517	15.5531	5.35988	6.04801	-999	-999	-999	-999	-999	2.07994	12	0.685882	3.98603	1.23992	1.67783	2.35294	-999	-999	-999	-999	-999	8.92362	21	0.529396	9.32816	19.6535	5.12128	4.92356	-999	-999	-999	-999	-999	7.13879	11	0.150414	0.21471	13.1884	3.26191	6.13837	-999	-999	-999	-999	-999	5.26348	12	0.888098	5.48075	-1.57522	4.41844	1.99193	-999	-999	-999	-999	-999	4.23204	11	0.408373	18.1438	13.1468	3.65054	4.19601	-999	-999	-999	-999	-999	4.87862	12	0.756629	12.9124	18.0309	4.4615	3.07745	-999	-999	-999	-999	-999	9.20633	23	0.784446	21.1082	17.3242	5.45811	4.3115	-999	-999	-999	-999	-999	3.27627	11	0.638445	0.669077	7.89638	3.60406	6.01522	-999	-999	-999	-999	-999	7.34109	11	0.701256	2.40512	10.5555	4.19819	5.17239	-999	-999	-999	-999	-999	9.8145	23	0.409236	0.796905	12.4396	5.93757	5.39943	-999	-999	-999	-999	-999	2.56852	12	0.720344	9.21633	3.02582	4.6643	2.15307	-999	-999	-999	-999	-999	3.53439	12	0.212735	9.50345	2.10361	4.92522	1.87262	-999	-999	-999	-999	-999	7.60971	24	0.468499	9.96818	1.51498	5.69359	2.88041	-999	-999	-999	-999	-999	8.59142	11	0.536128	23.7912	-1.16063	4.12938	2.94092	-999	-999	-999	-999	-999	6.7893	11	0.961652	2.7367	17.4945	3.50795	5.87584	-999	-999	-999	-999	-999	9.54169	21	0.56734	9.20396	22.7071	5.32056	5.14843	-999	-999	-999	-999	-999	8.16465	22	0.174863	9.26829	27.2295	5.50917	4.26327	-999	-999	-999	-999	-999	2.98768	12	0.698364	7.70774	15.5354	4.13679	3.67463	-999	-999	-999	-999	-999	1.13383	11	0.591833	12.39	8.99844	3.95076	3.22221	-999	-999	-999	-999	-999	2.47554	12	0.526713	12.1224	17.2288	4.51637	1.48526	-999	-999	-999	-999	-999	7.4408	11	0.772054	5.67142	11.4023	3.74711	4.83262	-999	-999	-999	-999	-999	6.84986	11	0.89713	13.8154	26.0819	3.39299	4.90285	-999	-999	-999	-999	-999	1.2717	12	0.766344	3.82941	2.60357	3.90578	6.07579	-999	-999	-999	-999	-999	1.58487	11	0.748439	14.6301	11.2235	3.1245	5.40713	-999	-999	-999	-999	-999	1.21935	11	0.510237	10.4284	4.22821	3.46309	1.7945	-999	-999	-999	-999	-999	-999	-999	-999	-999	-999	-999	-999	-999	-999	-999	-999	-999	-999	-999	-999	-999	-999	-999	-999	-999	-999	-999	-999	-999	-999	-999	-999	-999	-999	-999	-999	-999	-999	-999	-999	-999	-999	-999	-999	-999	-999	-999	-999	-999	-999	-999	-999	-999	-999	-999	-999	-999	-999	-999	-999	-999	-999	-999	-999	-999	-999	-999	-999	-999	-999	-999	-999	-999	-999	-999	-999	-999	-999	-999	-999	-999	-999	-999	-999	-999	-999	-999	-999	-999	-999	-999	-999	-999	-999	-999	-999	-999	-999	-999	-999	-999	-999	-999	-999	-999	-999	-999	-999	-999	-999	-999	-999	-999	-999	-999	-999	-999	-999	-999	-999	-999	-999	-999	-999	-999	-999	-999	-999	-999	-999	-999	-999	-999	-999	-999	-999	-999	-999	-999	-999	-999	-999	-999	-999	-999	-999	-999	-999	-999	-999	-999	-999	-999	-999	-999	-999	-999	-999	-999	-999	-999	-999	-999	-999	-999	-999	-999	-999	-999	-999	-999	-999	-999	-999	-999	-999	-999	-999	-999	-999	-999	-999	-999	-999	-999	-999	-999	-999	-999	-999	-999	-999	-999	-999	-999	-999	-999	-999	-999	-999	-999	-999	-999	-999	-999	-999	-999	-999	-999	-999	-999	-999	-999	-999	-999	-999	-999	-999	-999	-999	-999	-999	-999	-999	-999	-999	-999	-999	-999	-999	-999	-999	-999	-999	-999	-999	-999	-999	-999	-999	-999	-999	-999	-999	-999	-999	-999	-999	-999	-999	-999	-999	-999	-999	-999	-999	-999	-999	-999	-999	-999	-999	-999	-999	-999	-999	-999	-999	-999	-999	-999	-999	-999	-999	-999	-999	-999	-999	-999	-999	-999	-999	-999	-999	-999	-999	-999	-999	-999	-999	-999	-999	-999	-999	-999	-999	-999	-999	-999	-999	-999	-999	-999	-999	-999	-999	-999	-999	-999	-999	-999	-999	-999	-999	-999	-999	-999	-999	-999	-999	-999	-999	-999	-999	-999	-999	-999	-999	-999	-999	-999	-999	-999	-999	-999	-999	-999	-999	-999	-999	-999	-999	-999	-999	-999	-999	-999	-999	-999	-999	-999	-999	-999	-999	-999	-999	-999	-999	-999	-999	-999	-999	-999	-999	-999	-999	-999	-999	-999	-999	-999	-999	-999	-999	-999	-999	-999	-999	-999	-999	-999	-999	-999	-999	-999	-999	-999	-999	-999	-999	-999	-999	-999	-999	-999	-999	-999	-999	-999	-999	-999	-999	-999	-999	-999	-999	-999	-999	-999	-999	-999	-999	-999	-999	-999	-999	-999	-999	-999	-999	-999	-999	-999	-999	-999	-999	-999	-999	-999	-999	-999	-999	-999	-999	-999	-999	-999	-999	-999	-999	-999	-999	-999	-999	-999	-999	-999	-999	-999	-999	-999	-999	-999	-999	-999	-999	-999	-999	-999	-999	-999	-999	-999	-999	-999	-999	-999	-999	-999	-999	-999	-999	-999	-999	-999	-999	-999	-999	-999	-999	-999	-999	-999	-999	-999	-999	-999	-999	-999	-999	-999	-999	-999	-999	-999	-999	-999	-999	-999	-999	-999	-999	-999	-999	-999	-999	-999	-999	-999	-999	-999	-999	-999	-999	-999	-999	-999	-999	-999	-999	-999	-999	-999	-999	-999	-999	-999	-999	-999	-999	-999	-999	-999	-999	-999	-999	-999	-999	-999	-999	-999	-999	-999	-999	-999	
8.08688	21	0.158875	-4.71829	6.71829	5.56955	5.49779	-999	-999	-999	-999	-999	5.52608	11	0.0481532	-2.87231	4.94345	5.94596	5.51743	-999	-999	-999	-999	-999	9.94699	21	0.130341	-6.08575	7.97961	5.36003	5.52615	-999	-999	-999	-999	-999	5.15328	23	0.598228	-2.55849	4.73336	5.94311	5.53925	-999	-999	-999	-999	-999	7.76237	21	0.518381	-4.67001	6.26595	5.95247	5.65534	-999	-999	-999	-999	-999	3.86337	12	0.36446	5.17337	0.0800185	5.60189	2.58053	-999	-999	-999	-999	-999	6.60208	12	0.432104	7.34462	-1.58917	4.61906	2.48619	-999	-999	-999	-999	-999	3.49124	12	0.174823	5.00763	0.464069	5.2023	2.42074	-999	-999	-999	-999	-999	7.71924	24	0.435528	8.04022	-2.48201	6.01061	2.37066	-999	-999	-999	-999	-999	5.32295	11	0.278808	-0.787115	7.11887	0.218505	5.45584	-999	-999	-999	-999	-999	2.03255	12	0.550693	4.46796	1.97226	5.49395	2.36662	-999	-999	-999	-999	-999	8.53849	22	0.795244	7.72819	-3.65785	5.60854	2.09568	-999	-999	-999	-999	-999	7.63023	12	0.314954	7.34812	-2.83293	5.42919	2.00255	-999	-999	-999	-999	-999	6.97805	23	0.321541	-1.90733	8.33726	5.68903	5.45584	-999	-999	-999	-999	-999	6.47112	11	0.122553	2.25694	10.3175	2.70612	5.08312	-999	-999	-999	-999	-999	7.71536	22	0.902286	7.64612	-2.80551	5.30133	1.96046	-999	-999	-999	-999	-999	2.20125	14	0.143435	6.16088	2.50481	5.65206	1.84352	-999	-999	-999	-999	-999	7.56103	21	0.10035	4.14913	12.0576	6.20865	4.91995	-999	-999	-999	-999	-999	8.43173	24	0.278407	7.65222	-3.54683	5.90607	1.79163	-999	-999	-999	-999	-999	3.36997	11	0.366805	5.44871	8.04734	2.78626	4.9002	-999	-999	-999	-999	-999	8.49452	11	0.878543	3.95067	12.948	4.83541	5.00905	-999	-999	-999	-999	-999	9.2689	24	0.598444	10.8694	-3.41257	6.03012	1.97088	-999	-999	-999	-999	-999	4.73963	12	0.859774	5.82452	-0.37039	2.81069	2.09568	-999	-999	-999	-999	-999	7.81075	11	0.338705	7.0597	13.1906	5.23377	4.89006	-999	-999	-999	-999	-999	4.52927	12	0.856559	11.1449	1.27121	4.54939	1.70003	-999	-999	-999	-999	-999	7.84737	11	0.612396	12.9793	13.5675	5.11796	4.62651	-999	-999	-999	-999	-999	9.67998	12	0.172394	18.1252	-2.88255	4.5778	1.94056	-999	-999	-999	-999	-999	6.91792	24	0.427268	10.0954	-1.19268	5.85088	1.90631	-999	-999	-999	-999	-999	8.00526	22	0.884929	10.4534	-2.21939	5.28343	1.90631	-999	-999	-999	-999	-999	5.5771	11	0.512816	4.55797	10.1162	5.61685	4.91995	-999	-999	-999	-999	-999	7.5628	22	0.855405	17.1932	3.11959	5.9587	2.46852	-999	-999	-999	-999	-999	9.55408	11	0.291081	11.4945	15.1725	5.83463	5.06435	-999	-999	-999	-999	-999	2.20982	14	0.484219	6.10015	3.79677	5.70013	2.61277	-999	-999	-999	-999	-999	3.94199	11	0.870934	15.118	10.0435	4.57426	5.24784	-999	-999	-999	-999	-999	9.72125	12	0.94453	10.1332	-3.03689	4.92845	2.58053	-999	-999	-999	-999	-999	3.5374	11	0.154316	1.88693	7.70564	0.884792	5.53524	-999	-999	-999	-999	-999	7.83455	21	0.727654	18.6439	14.1241	5.14543	4.55265	-999	-999	-999	-999	-999	8.00511	11	0.765024	6.44825	14.5739	5.31031	5.76266	-999	-999	-999	-999	-999	7.17416	22	0.37524	22.7471	1.95856	5.46751	2.32719	-999	-999	-999	-999	-999	5.01979	11	0.401909	6.19544	9.81545	4.14281	4.80207	-999	-999	-999	-999	-999	3.97586	11	0.861135	11.8556	15.5887	5.47615	5.60303	-999	-999	-999	-999	-999	9.51599	11	0.725155	7.70085	19.4021	5.7542	5.58889	-999	-999	-999	-999	-999	8.46235	12	0.782416	11.9247	4.71332	3.28857	1.34231	-999	-999	-999	-999	-999	7.2244	11	0.553099	12.2085	4.76003	5.05654	3.60716	-999	-999	-999	-999	-999	6.56527	23	0.554756	18.11	6.00524	5.88063	3.79741	-999	-999	-999	-999	-999	1.1421	12	0.0141971	15.6169	6.11376	3.38826	6.15877	-999	-999	-999	-999	-999	-999	-999	-999	-999	-999	-999	-999	-999	-999	-999	-999	-999	-999	-999	-999	-999	-999	-999	-999	-999	-999	-999	-999	-999	-999	-999	-999	-999	-999	-999	-999	-999	-999	-999	-999	-999	-999	-999	-999	-999	-999	-999	-999	-999	-999	-999	-999	-999	-999	-999	-999	-999	-999	-999	-999	-999	-999	-999	-999	-999	-999	-999	-999	-999	-999	-999	-999	-999	-999	-999	-999	-999	-999	-999	-999	-999	-999	-999	-999	-999	-999	-999	-999	-999	-999	-999	-999	-999	-999	-999	-999	-999	-999	-999	-999	-999	-999	-999	-999	-999	-999	-999	-999	-999	-999	-999	-999	-999	-999	-999	-999	-999	-999	-999	-999	-999	-999	-999	-999	-999	-999	-999	-999	-999	-999	-999	-999	-999	-999	-999	-999	-999	-999	-999	-999	-999	-999	-999	-999	-999	-999	-999	-999	-999	-999	-999	-999	-999	-999	-999	-999	-999	-999	-999	-999	-999	-999	-999	-999	-999	-999	-999	-999	-999	-999	-999	-999	-999	-999	-999	-999	-999	-999	-999	-999	-999	-999	-999	-999	-999	-999	-999	-999	-999	-999	-999	-999	-999	-999	-999	-999	-999	-999	-999	-999	-999	-999	-999	-999	-999	-999	-999	-999	-999	-999	-999	-999	-999	-999	-999	-999	-999	-999	-999	-999	-999	-999	-999	-999	-999	-999	-999	-999	-999	-999	-999	-999	-999	-999	-999	-999	-999	-999	-999	-999	-999	-999	-999	-999	-999	-999	-999	-999	-999	-999	-999	-999	-999	-999	-999	-999	-999	-999	-999	-999	-999	-999	-999	-999	-999	-999	-999	-999	-999	-999	-999	-999	-999	-999	-999	-999	-999	-999	-999	-999	-999	-999	-999	-999	-999	-999	-999	-999	-999	-999	-999	-999	-999	-999	-999	-999	-999	-999	-999	-999	-999	-999	-999	-999	-999	-999	-999	-999	-999	-999	-999	-999	-999	-999	-999	-999	-999	-999	-999	-999	-999	-999	-999	-999	-999	-999	-999	-999	-999	-999	-999	-999	-999	-999	-999	-999	-999	-999	-999	-999	-999	-999	-999	-999	-999	-999	-999	-999	-999	-999	-999	-999	-999	-999	-999	-999	-999	-999	-999	-999	-999	-999	-999	-999	-999	-999	-999	-999	-999	-999	-999	-999	-999	-999	-999	-999	-999	-999	-999	-999	-999	-999	-999	-999	-999	-999	-999	-999	-999	-999	-999	-999	-999	-999	-999	-999	-999	-999	-999	-999	-999	-999	-999	-999	-999	-999	-999	-999	-999	-999	-999	-999	-999	-999	-999	-999	-999	-999	-999	-999	-999	-999	-999	-999	-999	-999	-999	-999	-999	-999	-999	-999	-999	-999	-999	-999	-999	-999	-999	-999	-999	-999	-999	-999	-999	-999	-999	-999	-999	-999	-999	-999	-999	-999	-999	-999	-999	-999	-999	-999	-999	-999	-999	-999	-999	-999	-999	-999	-999	-999	-999	-999	-999	-999	-999	-999	-999	-999	-999	-999	-999	-999	-999	-999	-999	-999	-999	-999	-999	-999	-999	-999	-999	-999	-999	-999	-999	-999	-999	-999	-999	-999	-999	-999	-999	-999	-999	-999	-999	-999	-999	-999	-999	-999	-999	-999	-999	-999	-999	-999	-999	-999	-999	-999	-999	-999	-999	-999	-999	-999	-999	-999	-999	-999	-999	-999	-999	-999	-999	-999	-999	-999	-999	-999	-999	-999	-999	-999	-999	-999	-999	-999	-999	-999	-999	-999	-999	-999	-999	-999	-999	-999	-999	-999	-999	-999	-999	-999	-999	-999	-999	-999	-999	-999	-999	-999	-999	-999	-999	-999	-999	-999	-999	-999	-999	-999	-999	-999	-999	-999	-999	-999	-999	-999	-999	-999	-999	-999	-999	-999	-999	-999	-999	-999	-999	-999	-999	-999	-999	-999	-999	-999	-999	-999	-999	-999	-999	-999	-999	-999	-999	-999	-999	-999	-999	-999	-999	-999	-999	-999	-999	-999	-999	-999	-999	-999	-999	-999	-999	-999	-999	-999	-999	-999	-999	-999	-999	-999	-999	-999	-999	-999	-999	-999	-999	-999	-999	-999	-999	-999	-999	-999	-999	-999	-999	-999	-999	-999	-999	-999	-999	-999	-999	-999	-999	-999	-999	-999	-999	-999	-999	-999	-999	-999	-999	-999	-999	-999	-999	-999	-999	-999	-999	-999	-999	-999	-999	-999	-999	-999	-999	-999	-999	-999	-999	-999	-999	-999	-999	-999	-999	-999	-999	-999	-999	-999	-999	-999	-999	-999	-999	-999	-999	-999	-999	



convergence matrix for Relaxed Dubins is:
5.38091	2.54107	2.54107	2.54107	2.54107	2.54107	2.5149	2.5149	
2.03935	2.03935	2.03935	2.03935	2.03935	2.03935	2.03935	2.03935	
2.06958	2.06958	2.06958	2.06958	2.06958	2.06958	2.06958	2.06958	

number of vertices in the tree
10000	12589	15849	19953	25119	31623	39811	50119	
avrages results
3.16328	2.21667	2.21667	2.21667	2.21667	2.21667	2.20794	2.20794	


convergence matrix for full Dubins is:
-999	13.7455	13.7455	5.48041	5.48041	5.48041	5.48041	5.48041	
-999	-999	-999	-999	16.4693	2.93706	2.93706	2.93706	
6.29587	6.29587	6.29587	6.29587	2.15379	2.15379	2.15379	2.15379	

number of vertices in the tree
10000	12589	15849	19953	25119	31623	39811	50119	
avrages results
6.29587	10.0207	10.0207	5.88814	8.0345	3.52375	3.52375	3.52375	
